0.1661
0.7589
0.5929
0.153
0.3409
0.6212
0.5889
0.6803
0.2808
0.8848
0.2871
0.2426
0.8854
0.3933
0.4684
0.9398
0.3224
0.3941
0.5314
0.2385
0.6882
0.3619
0.0971
0.9428
0.8871
0.6946
0.2469
0.0959
0.9196
0.5664
0.0808
0.6528
0.6147
0.7856
0.7167
0.3658
0.3809
0.5084
0.847
0.7409
0.8932
0.7806
0.9336
0.1608
0.5856
0.2927
0.5673
0.1829
0.3452
0.9163
0.9605
0.256
0.5536
0.6472
0.8867
0.6236
0.8876
0.7833
0.3558
0.6593
0.4676
0.8649
0.8052
0.8347
0.6724
0.2121
0.4986
0.8601
0.9772
0.4919
0.1965
0.8612
0.1665
0.7722
0.6292
0.5892
0.7156
0.2083
0.3388
0.4785
0.8962
0.3174
0.0742
0.5505
0.305
0.3025
0.1506
0.268
0.1824
0.3269
0.6863
0.1007
0.014
0.0196
0.0384
0.1474
0.1726
0.979
0.8441
0.2504
0.27
0.29
0.41
0.81
0.61
0.21
0.41
0.81
0.61
0.21
0.41
0.81
0.61
0.21
0.41
0.81
0.61
0.21
0.41
0.81
0.61
0.21
0.41
0.81
0.61
0.21
0.41
0.81
0.61
0.21
0.41
0.81
0.61
0.21
0.41
0.81
0.61
0.21
0.41
0.81
0.61
0.21
0.41
0.81
0.61
0.21
0.41
0.81
0.61
0.21
0.41
0.81
0.61
0.21
0.41
0.81
0.61
0.21
0.41
0.81
0.61
0.21
0.41
0.81
0.61
0.21
0.41
0.81
0.61
0.21
0.41
0.81
0.61
0.21
0.41
0.81
0.61
0.21
0.41
0.81
0.61
0.21
0.41
0.81
0.61
0.21
0.41
0.81
0.61
0.21
0.41
0.81
0.61
0.21
0.41
0.81
0.61
0.21
0.41
0.81
0.61
0.21
0.41
0.81
0.61
0.21
0.41
0.81
0.61
0.21
0.41
0.81
0.61
0.21
0.41
0.81
0.61
0.21
0.41
0.81
0.61
0.21
0.41
0.81
0.61
0.21
0.41
0.81
0.61
0.21
0.41
0.81
0.61
0.21
0.41
0.81
0.61
0.21
0.41
0.81
0.61
0.21
0.41
0.81
0.61
0.21
0.41
0.81
0.61
0.21
0.41
0.81
0.61
0.21
0.41
0.81
0.61
0.21
0.41
0.81
0.61
0.21
0.41
0.81
0.61
0.21
0.41
0.81
0.61
0.21
0.41
0.81
0.61
0.21
0.41
0.81
0.61
0.21
0.41
0.81
0.61
0.21
0.41
0.81
0.61
0.21
0.41
0.81
0.61
0.21
0.41
0.81
0.61
0.21
0.41
0.81
0.61
0.21
0.41
0.81
0.61
0.21
0.41
0.81
0.61
0.21
0.41
0.81
0.61
0.21
0.41
0.81
0.61
0.21
0.41
0.81
0.61
0.21
0.41
0.81
0.61
0.21
0.41
0.81
0.61
0.21
0.41
0.81
0.61
0.21
0.41
0.81
0.61
0.21
0.41
0.81
0.61
0.21
0.41
0.81
0.61
0.21
0.41
0.81
0.61
0.21
0.41
0.81
0.61
0.21
0.41
0.81
0.61
0.21
0.41
0.81
0.61
0.21
0.41
0.81
0.61
0.21
0.41
0.81
0.61
0.21
0.41
0.81
0.61
0.21
0.41
0.81
0.61
0.21
0.41
0.81
0.61
0.21
0.41
0.81
0.61
0.21
0.41
0.81
0.61
0.21
0.41
0.81
0.61
0.21
0.41
0.81
0.61
0.21
0.41
0.81
0.61
0.21
0.41
0.81
0.61
0.21
0.41
0.81
0.61
0.21
0.41
0.81
0.61
0.21
0.41
0.81
0.61
0.21
0.41
0.81
0.61
0.21
0.41
0.81
0.61
0.21
0.41
0.81
0.61
0.21
0.41
0.81
0.61
0.21
0.41
0.81
0.61
0.21
0.41
0.81
0.61
0.21
0.41
0.81
0.61
0.21
0.41
0.81
0.61
0.21
0.41
0.81
0.61
0.21
0.41
0.81
0.61
0.21
0.41
0.81
0.61
0.21
0.41
0.81
0.61
0.21
0.41
0.81
0.61
0.21
0.41
0.81
0.61
0.21
0.41
0.81
0.61
0.21
0.41
0.81
0.61
0.21
0.41
0.81
0.61
0.21
0.41
0.81
0.61
0.21
0.41
0.81
0.61
0.21
0.41
0.81
0.61
0.21
0.41
0.81
0.61
0.21
0.41
0.81
0.61
0.21
0.41
0.81
0.61
0.21
0.41
0.81
0.61
0.21
0.41
0.81
0.61
0.21
0.41
0.81
0.61
0.21
0.41
0.81
0.61
0.21
0.41
0.81
0.61
0.21
0.41
0.81
0.61
0.21
0.41
0.81
0.61
0.21
0.41
0.81
0.61
0.21
0.41
0.81
0.61
0.21
0.41
0.81
0.61
0.21
0.41
0.81
0.61
0.21
0.41
0.81
0.61
0.21
0.41
0.81
0.61
0.21
0.41
0.81
0.61
0.21
0.41
0.81
0.61
0.21
0.41
0.81
0.61
0.21
0.41
0.81
0.61
0.21
0.41
0.81
0.61
0.21
0.41
0.81
0.61
0.21
0.41
0.81
0.61
0.21
0.41
0.81
0.61
0.21
0.41
0.81
0.61
0.21
0.41
0.81
0.61
0.21
0.41
0.81
0.61
0.21
0.41
0.81
0.61
0.21
0.41
0.81
0.61
0.21
0.41
0.81
0.61
0.21
0.41
0.81
0.61
0.21
0.41
0.81
0.61
0.21
0.41
0.81
0.61
0.21
0.41
0.81
0.61
0.21
0.41
0.81
0.61
0.21
0.41
0.81
0.61
0.21
0.41
0.81
0.61
0.21
0.41
0.81
0.61
0.21
0.41
0.81
0.61
0.21
0.41
0.81
0.61
0.21
0.41
0.81
0.61
0.21
0.41
0.81
0.61
0.21
0.41
0.81
0.61
0.21
0.41
0.81
0.61
0.21
0.41
0.81
0.61
0.21
0.41
0.81
0.61
0.21
0.41
0.81
0.61
0.21
0.41
0.81
0.61
0.21
0.41
0.81
0.61
0.21
0.41
0.81
0.61
0.21
0.41
0.81
0.61
0.21
0.41
0.81
0.61
0.21
0.41
0.81
0.61
0.21
0.41
0.81
0.61
0.21
0.41
0.81
0.61
0.21
0.41
0.81
0.61
0.21
0.41
0.81
0.61
0.21
0.41
0.81
0.61
0.21
0.41
0.81
0.61
0.21
0.41
0.81
0.61
0.21
0.41
0.81
0.61
0.21
0.41
0.81
0.61
0.21
0.41
0.81
0.61
0.21
0.41
0.81
0.61
0.21
0.41
0.81
0.61
0.21
0.41
0.81
0.61
0.21
0.41
0.81
0.61
0.21
0.41
0.81
0.61
0.21
0.41
0.81
0.61
0.21
0.41
0.81
0.61
0.21
0.41
0.81
0.61
0.21
0.41
0.81
0.61
0.21
0.41
0.81
0.61
0.21
0.41
0.81
0.61
0.21
0.41
0.81
0.61
0.21
0.41
0.81
0.61
0.21
0.41
0.81
0.61
0.21
0.41
0.81
0.61
0.21
0.41
0.81
0.61
0.21
0.41
0.81
0.61
0.21
0.41
0.81
0.61
0.21
0.41
0.81
0.61
0.21
0.41
0.81
0.61
0.21
0.41
0.81
0.61
0.21
0.41
0.81
0.61
0.21
0.41
0.81
0.61
0.21
0.41
0.81
0.61
0.21
0.41
0.81
0.61
0.21
0.41
0.81
0.61
0.21
0.41
0.81
0.61
0.21
0.41
0.81
0.61
0.21
0.41
0.81
0.61
0.21
0.41
0.81
0.61
0.21
0.41
0.81
0.61
0.21
0.41
0.81
0.61
0.21
0.41
0.81
0.61
0.21
0.41
0.81
0.61
0.21
0.41
0.81
0.61
0.21
0.41
0.81
0.61
0.21
0.41
0.81
0.61
0.21
0.41
0.81
0.61
0.21
0.41
0.81
0.61
0.21
0.41
0.81
0.61
0.21
0.41
0.81
0.61
0.21
0.41
0.81
0.61
0.21
0.41
0.81
0.61
0.21
0.41
0.81
0.61
0.21
0.41
0.81
0.61
0.21
0.41
0.81
0.61
0.21
0.41
0.81
0.61
0.21
0.41
0.81
0.61
0.21
0.41
0.81
0.61
0.21
0.41
0.81
0.61
0.21
0.41
0.81
0.61
0.21
0.41
0.81
0.61
0.21
0.41
0.81
0.61
0.21
0.41
0.81
0.61
0.21
0.41
0.81
0.61
0.21
0.41
0.81
0.61
0.21
0.41
0.81
0.61
0.21
0.41
0.81
0.61
0.21
0.41
0.81
0.61
0.21
0.41
0.81
0.61
0.21
0.41
0.81
0.61
0.21
0.41
0.81
0.61
0.21
0.41
0.81
0.61
0.21
0.41
0.81
